pairEnergy = 21.131335098050922
pairEnergyPerAtom = 0.007043778366016974
EmbeddingEnergy = 3764.334681219983
EmbeddingEnergyPerAtom = 1.2547782270733276
