nonvectorforce: -0.04935200272957216
nonvectorforce: 0.01831563888873418
nonvectorforce: -0.04935200272957216
nonvectorforce: 0.01831563888873418
magx0: 0.0018078269208613342
magx1: -0.0018078269208613342
1 0.0 0.0 0.0 -0.04935200272957216 -0.01831563888873418 0.0
2 0.5 0.0 0.0 -0.04935200272957216 -0.01831563888873418 0.0
 
pairEnergy = -1.598544449323178E-5
pairEnergyPerAtom = -7.99272224661589E-6
pairForce = -3.8364913461869426E-5
pairForcePerAtom = -1.9182456730934713E-5
totPairForceVector: x: 0.0 y: 0.0 z: 0.0 mag: 0.0
totPairForceVectorMag = 0.0
totalEmbedVectorMag = 0.0
totalEmbedVector: x: 0.00000, y: 0.00000,z: 0.00000, mag: 0.00000
EmbeddingEnergy = -0.234039288695757
EmbeddingEnergyPerAtom = -0.1170196443478785
EmbeddingForce = -0.09870400545914432
EmbeddingForcePerAtom = -0.04935200272957216
TotalEnergy = -0.23405527414025024
TotalEnergyPerAtom = -0.11702763707012512
TotalForce = -0.09874237037260619
TotalForcePerAtom = -0.049371185186303096
